Iter=           0
          24
   6.2670000000000003        0.0000000000000000        0.0000000000000000     
   0.0000000000000000        6.2670000000000003        0.0000000000000000     
   0.0000000000000000        0.0000000000000000        6.2670000000000003     
O       3.0880010479909         3.6999827719139         3.1239934859731    
H       4.0579032901663         3.6999431257292         3.1240885127774    
H       2.7641629095851         3.1320494145690         3.8409795871483    
O       2.4699896178155        0.39000953905815         1.3599905363313    
H       1.5404464503400        0.36996339103032         1.7295293404208    
H       2.4798996844838        0.10620588087276E-03    0.44034747394751    
O       1.9929640658171        0.41710382577350         5.2502151841231    
H       2.3926907678488         1.3265549011107         5.1600229959603    
H      0.99361982698520        0.49707371495373         5.3099242955115    
O       2.0529753057558         6.0968948714768         3.4798024655575    
H       2.1228147284218         5.2075019573390         3.0200741412593    
H       1.1135303271695        0.16949740459820         3.4000271921093    
O       4.9000096324130         5.3770216697751         2.1400006536425    
H       5.5095366821256         6.1766515801415         2.1799964255657    
H       3.9504418574552         5.6870303545775         2.2099913353252    
O      0.91998805631497         3.8270058218462        0.55998518349266    
H      0.47715196407981E-03     3.5472944796861        0.27004931268874    
H       1.2297303522354         4.5966342424136        0.19162281768184E-03
O      0.88999760899256         2.0370274472352         3.4099872538210    
H      0.72021665431812         2.8665898708219         2.8701708133759    
H       1.7896710903273         1.6673561653834         3.1899319214024    
O       4.4500005153970         4.6169808786411         5.4300083319551    
H       4.7498231091079         3.8972314931465         4.8103761576444    
H       4.0602121658291         4.2170958649778         6.2595672236026    
  0.0000000000000000E+00
          48
  0.8398653982242115E+00  0.8398653982242115E+00
  0.8507673526182302E+00  0.8507673526182302E+00
  0.7707361158857512E+00  0.7707361158857512E+00
  0.5393916031643120E+00  0.5393916031643120E+00
  0.1810223561519533E+00  0.1810223561519533E+00
  0.1909110194778806E+00  0.1909110194778806E+00
  0.8615572792613048E+00  0.8615572792613048E+00
  0.9385878897047083E+00  0.9385878897047083E+00
  0.6385860973909440E+00  0.6385860973909440E+00
  0.6331051373545930E+00  0.6331051373545930E+00
  0.1949643427247852E+00  0.1949643427247852E+00
  0.1782633327649681E+00  0.1782633327649681E+00
  0.8545655629208517E+00  0.8545655629208517E+00
  0.6574279032872337E+00  0.6574279032872337E+00
  0.1001668982494123E+01  0.1001668982494123E+01
  0.5107332586108118E+00  0.5107332586108118E+00
  0.1930784178307945E+00  0.1930784178307945E+00
  0.1978914881216389E+00  0.1978914881216389E+00
  0.8726975994527193E+00  0.8726975994527193E+00
  0.6404104707275432E+00  0.6404104707275432E+00
  0.9397350363998035E+00  0.9397350363998035E+00
  0.6285350245272241E+00  0.6285350245272241E+00
  0.1866621692734852E+00  0.1866621692734852E+00
  0.2018348359656959E+00  0.2018348359656959E+00
  0.8584650346221109E+00  0.8584650346221109E+00
  0.6931683061267885E+00  0.6931683061267885E+00
  0.9964068472369929E+00  0.9964068472369929E+00
  0.4885554499555507E+00  0.4885554499555507E+00
  0.1980510696154596E+00  0.1980510696154596E+00
  0.1709294925169305E+00  0.1709294925169305E+00
  0.8538068988222873E+00  0.8538068988222873E+00
  0.7203957672192972E+00  0.7203957672192972E+00
  0.8342157187116942E+00  0.8342157187116942E+00
  0.6066008498586288E+00  0.6066008498586288E+00
  0.1914869406732301E+00  0.1914869406732301E+00
  0.1876824351233952E+00  0.1876824351233952E+00
  0.8612126980381651E+00  0.8612126980381651E+00
  0.6648039122781642E+00  0.6648039122781642E+00
  0.8618600480840181E+00  0.8618600480840181E+00
  0.6625356643217087E+00  0.6625356643217087E+00
  0.1846727549423922E+00  0.1846727549423922E+00
  0.1731169293049229E+00  0.1731169293049229E+00
  0.8496847498779435E+00  0.8496847498779435E+00
  0.7079211686688955E+00  0.7079211686688955E+00
  0.5469901730425940E+00  0.5469901730425940E+00
  0.8965702997560755E+00  0.8965702997560755E+00
  0.1976565537623637E+00  0.1976565537623637E+00
  0.1889331368187731E+00  0.1889331368187731E+00
  0.8210534622233586E-05  -0.1376036479729149E-03  -0.5228103925379037E-04
 -0.7683100786432301E-03  -0.4546461145257975E-03   0.7071530156059608E-03
  0.1300562790008878E-02   0.3921893311105809E-03  -0.1594369631480031E-03
 -0.8163784778984103E-04   0.7665787286771842E-04  -0.7563177785815164E-04
  0.3547528554724489E-02  -0.2923010880955489E-03  -0.3753913890847648E-02
 -0.7996018130702704E-03   0.8433963162238756E-03   0.2768251657019747E-02
 -0.2863115355680670E-03   0.8283103001917244E-03   0.1719338063064497E-02
 -0.2461554199753574E-02  -0.3535703905085522E-02   0.1814612273361982E-03
  0.4927869163757041E-02   0.5912918017202326E-03  -0.6036574209327228E-03
 -0.1960912223110939E-03  -0.8394260267406120E-03  -0.1577313628293712E-02
 -0.1478729906945608E-02   0.3989201654155589E-02   0.5817959878941525E-03
  0.4215204518694587E-02  -0.4007857680355182E-02   0.2150645599801830E-03
  0.7706451118849798E-04   0.1718881538674842E-03   0.5094780518327965E-05
 -0.3689500623334867E-02  -0.2767538106745610E-02  -0.2780524330908377E-04
  0.3517519237399933E-02   0.2462499355038684E-03  -0.6808454148041038E-04
 -0.9465070985455754E-04   0.4603706055185289E-04  -0.1174500939942728E-03
  0.3794556594086361E-02   0.2347308368885762E-02   0.3887144555107131E-03
 -0.2148899259341316E-02  -0.2909246192104164E-02   0.1521614130626293E-02
 -0.1976633776731901E-04   0.2187779294658297E-03  -0.1010678792576049E-03
  0.1727724889231626E-02  -0.3261926252385241E-02   0.1355177694805673E-02
 -0.2615622970179181E-02   0.2840687709463396E-02  -0.5472323058148891E-03
  0.4265469052691269E-05  -0.1515365926145319E-03   0.6632848593728548E-04
 -0.1408197476464994E-02   0.1837188573643388E-02   0.2994778603820428E-02
  0.1687967130502390E-02   0.7588898312980956E-03  -0.3442679171041566E-02
